0 0 0.0 0.0
0 1 37.894991598762175 64.97365764186839
0 2 0.8534614485929808 130.0359137139759
0 3 37.86808182369529 195.0344967990975
0 4 0.8653288684876834 260.04196887871666
0 5 37.92828611048482 324.9958138034705
0 6 0.8644798310839761 390.0467597438498
0 7 38.80927898970994 455.03275415857286
0 8 0.8729757982205761 520.0655999032537
0 9 38.840103958159204 585.0384135898812
0 10 0.8959781993410978 650.0955741086075
0 11 38.819199891750785 715.0563989634934
1 0 75.82490333977984 -0.003004058962119416
1 1 113.81599083691064 64.97116999093237
1 2 75.83592642277578 130.00375114622898
1 3 113.83197435343864 194.9804335836418
1 4 75.87649440434834 260.043277218593
1 5 113.86828590970735 324.9928520456022
1 6 75.85249637641613 390.08561478915504
1 7 113.8630846867345 455.02178921433375
1 8 75.88214287774336 520.0679615518217
1 9 113.88000108926836 585.0243466547169
1 10 76.75298772876442 650.0675317972068
1 11 113.90617595454314 715.0667774418368
2 0 150.92887001707956 -0.0017520924914151692
2 1 188.87170469095008 64.97253698431962
2 2 150.95883806025864 130.03964805554926
2 3 188.88492633679414 194.9941516814223
2 4 150.96297969028078 260.04607623154396
2 5 188.90865585156786 325.01062757404605
2 6 151.82515027030033 390.0576483935192
2 7 188.98525896852925 455.08160213539077
2 8 151.837810313587 520.0697197273423
2 9 188.95488712193898 585.0559309338902
2 10 151.85316865086756 650.0733194375379
2 11 189.79950406475444 715.0598328947711
3 0 226.77296628975245 0.0035448436300384856
3 1 263.9094971962866 64.98500228089222
3 2 226.80055236373823 130.03914912138896
3 3 263.92163181703114 194.9799375186692
3 4 226.8218368578933 260.05268844866015
3 5 263.9517245431674 325.01041332866816
3 6 226.8435489337215 390.06020455337574
3 7 264.80490954529984 455.02189294169
3 8 226.8473615670199 520.1125492777534
3 9 264.80923279172737 585.0406509507483
3 10 226.81466742041005 650.0073084307974
3 11 264.8427241103422 715.0575185687414
4 0 301.8698633449237 0.0016849835089942644
4 1 339.8245724007422 64.979520031844
4 2 301.89449705148917 130.0223519510455
4 3 339.84619991866174 195.01275681977995
4 4 301.9222079295938 260.0358876218845
4 5 339.8753330822573 324.99652479570807
4 6 301.95150451626427 390.0695518627862
4 7 339.9136892550075 455.0366517118951
4 8 301.9434016089567 520.0939041884827
4 9 339.88186137427107 585.0673346776085
4 10 301.9754983156672 650.0939833510632
4 11 339.9589112820057 715.0414732360726
5 0 376.8911974374734 0.02452443196045806
5 1 414.8452762775747 64.98010457064925
5 2 376.9475739951791 130.02320240492975
5 3 414.8646657935256 194.98322790727298
5 4 377.0104358495219 260.0222188634047
5 5 414.8893887771922 324.99690548381886
5 6 377.80353891202395 390.0719250613812
5 7 414.90137851089753 455.02285536480036
5 8 377.8385570450548 520.0852585785742
5 9 414.9121039915295 585.0320977561855
5 10 377.852286056936 650.1101009521
5 11 415.7539687102082 715.069139702368
6 0 451.97161511956625 0.015302222294508283
6 1 489.9480446355002 64.9750082594278
6 2 452.8388282604325 130.00986833753188
6 3 489.99515626364206 194.9821066460205
6 4 452.85804716485836 260.02782616439777
6 5 490.0028423015445 325.028250109534
6 6 452.89541185864107 390.0637955531664
6 7 490.02134007416817 455.01246175914815
6 8 452.9179978469884 520.0556386514047
6 9 490.9215158069125 585.0371593379963
6 10 452.93268114378515 650.0709226543223
6 11 490.89176014269646 715.0591394372184
7 0 527.8757817712832 0.007206790494251436
7 1 565.8075407335949 64.97777260488601
7 2 527.9234073518135 130.03096521838813
7 3 565.8302717032263 194.97775644474768
7 4 527.9294999793336 260.0113127768664
7 5 565.8472921087755 325.01626022110736
7 6 527.9740098851896 390.0600097830814
7 7 565.7928500307235 454.9742867644457
7 8 528.000108268319 520.0865879262221
7 9 565.8837786088241 585.010734648112
7 10 528.8069296989297 650.1442124919062
7 11 565.9239939785953 715.0647395110657
8 0 602.9175129251864 0.012026506941197113
8 1 640.8826376401876 64.99214163779777
8 2 602.9487899322589 130.03391057512408
8 3 640.9217992921084 194.9781882378902
8 4 602.9621489379256 260.02651725619234
8 5 640.9484449911436 324.9961194366674
8 6 603.8084812564394 390.07889755308213
8 7 640.9755960295404 454.95751097432617
8 8 603.88374913953 520.1146795989707
8 9 640.9565595676746 585.0690399242789
8 10 603.8948875205926 650.0428695082172
8 11 641.8495466303578 715.0370275495259
9 0 677.98843849624 0.01198400095654506
9 1 715.9427781599309 64.99150430128668
9 2 678.8498734965362 130.04353657067998
9 3 716.128214353991 194.95578613546115
9 4 678.875603584946 260.0288723454
9 5 716.008820414597 324.9966175262926
9 6 678.9113696163747 390.0657018286932
9 7 716.8322468263796 455.0225573240252
9 8 678.9309791569884 520.0737724101879
9 9 716.9094535190975 585.0518124965905
9 10 678.9532869312164 650.1101794099299
9 11 716.8922865182418 715.0076943508129
10 0 753.8335804756471 0.017877965022989883
10 1 791.811161135126 64.9801734367885
10 2 753.8561520986301 130.03623471299477
10 3 791.8384728159531 194.99059305672472
10 4 753.8943393893917 260.04384151855163
10 5 791.8672858796073 324.99790737959853
10 6 753.9102072111766 390.05843383052536
10 7 791.8858219743565 455.0198229431691
10 8 753.9170656946225 520.0989634991098
10 9 791.9111166435051 585.0578750520248
10 10 754.7499008128159 650.0810381709209
10 11 791.9019101044876 715.0789246992551
11 0 828.9552500316034 0.026565710368345208
11 1 866.9114945241133 64.99422927127273
11 2 828.9816852229791 130.04823905377623
11 3 866.9447862884454 194.99893752569108
11 4 828.980155882074 260.09641948500234
11 5 866.9682668529166 325.0106687321031
11 6 829.8313310893603 390.0622598096823
11 7 866.986469089403 455.03525965077085
11 8 829.8497329666277 520.0653645091965
11 9 867.0263850663503 585.0882828708375
11 10 829.8844878272637 650.116221674738
11 11 867.0293035394052 715.0973264791754
